
C:\Users\ops\Desktop\mjng>c:\tools\ke5fx\gpib\satrace 18 -t -header -lf -scpi 
instrument_model Hewlett-Packard, E4407B, SG45103097, A.14.06
start_freq_Hz 1000000.000000
stop_freq_Hz 200000000.000000
source_trace_points 401
reference_level_dBm 0.000000
n_vertical_divisions 10
dB_per_division 10
bw 3khz

trace_num 0
acquisition_time Wed May 07 23:51:01 2014

trace_data
1248129.675810,-84.010000
1744389.027431,-82.768000
2240648.379052,-84.765000
2736907.730673,-84.779000
3233167.082294,-84.563000
3729426.433915,-84.786000
4225685.785536,-84.039000
4721945.137157,-84.347000
5218204.488778,-84.563000
5714463.840399,-84.033000
6210723.192020,-84.554000
6706982.543641,-84.353000
7203241.895262,-84.325000
7699501.246883,-83.666000
8195760.598504,-83.515000
8692019.950125,-83.500000
9188279.301746,-83.339000
9684538.653367,-83.806000
10180798.004988,-83.042000
10677057.356608,-84.296000
11173316.708229,-81.838000
11669576.059850,-82.729000
12165835.411471,-83.470000
12662094.763092,-83.481000
13158354.114713,-82.823000
13654613.466334,-83.109000
14150872.817955,-82.418000
14647132.169576,-82.500000
15143391.521197,-2.403000
15639650.872818,-83.192000
16135910.224439,-81.972000
16632169.576060,-82.310000
17128428.927681,-82.698000
17624688.279302,-83.109000
18120947.630923,-81.733000
18617206.982544,-83.787000
19113466.334165,-82.587000
19609725.685786,-83.272000
20105985.037406,-82.797000
20602244.389027,-83.081000
21098503.740648,-83.911000
21594763.092269,-83.772000
22091022.443890,-83.759000
22587281.795511,-83.746000
23083541.147132,-83.768000
23579800.498753,-83.598000
24076059.850374,-84.458000
24572319.201995,-84.442000
25068578.553616,-84.247000
25564837.905237,-84.247000
26061097.256858,-84.237000
26557356.608479,-83.746000
27053615.960100,-84.668000
27549875.311721,-83.732000
28046134.663342,-84.862000
28542394.014963,-84.853000
29038653.366584,-84.854000
29534912.718204,-85.084000
30031172.069825,-65.989000
30527431.421446,-84.857000
31023690.773067,-84.644000
31519950.124688,-84.631000
32016209.476309,-84.859000
32512468.827930,-85.286000
33008728.179551,-83.731000
33504987.531172,-84.643000
34001246.882793,-84.641000
34497506.234414,-84.200000
34993765.586035,-84.190000
35490024.937656,-84.421000
35986284.289277,-85.064000
36482543.640898,-85.036000
36978802.992519,-83.865000
37475062.344140,-83.013000
37971321.695761,-84.602000
38467581.047382,-84.816000
38963840.399002,-84.827000
39460099.750623,-84.616000
39956359.102244,-85.024000
40452618.453865,-84.025000
40948877.805486,-84.803000
41445137.157107,-84.826000
41941396.508728,-84.801000
42437655.860349,-83.503000
42933915.211970,-83.691000
43430174.563591,-84.173000
43926433.915212,-83.505000
44422693.266833,-84.009000
44918952.618454,-70.598000
45415211.970075,-84.796000
45911471.321696,-85.211000
46407730.673317,-84.159000
46903990.024938,-83.496000
47400249.376559,-84.137000
47896508.728180,-84.778000
48392768.079801,-85.005000
48889027.431421,-84.560000
49385286.783042,-84.785000
49881546.134663,-84.149000
50377805.486284,-84.768000
50874064.837905,-83.804000
51370324.189526,-85.209000
51866583.541147,-83.955000
52362842.892768,-84.352000
52859102.244389,-83.149000
53355361.596010,-84.778000
53851620.947631,-84.542000
54347880.299252,-85.172000
54844139.650873,-84.106000
55340399.002494,-84.543000
55836658.354115,-84.304000
56332917.705736,-83.455000
56829177.057357,-84.106000
57325436.408978,-84.087000
57821695.760599,-84.106000
58317955.112220,-84.946000
58814214.463840,-84.726000
59310473.815461,-84.526000
59806733.167082,-83.756000
60302992.518703,-85.138000
60799251.870324,-84.068000
61295511.221945,-84.301000
61791770.573566,-84.928000
62288029.925187,-83.915000
62784289.276808,-84.725000
63280548.628429,-83.749000
63776807.980050,-84.053000
64273067.331671,-84.925000
64769326.683292,-85.140000
65265586.034913,-84.278000
65761845.386534,-84.680000
66258104.738155,-84.471000
66754364.089776,-85.320000
67250623.441397,-84.697000
67746882.793018,-84.472000
68243142.144638,-83.533000
68739401.496259,-84.672000
69235660.847880,-84.028000
69731920.199501,-84.032000
70228179.551122,-84.465000
70724438.902743,-84.867000
71220698.254364,-84.024000
71716957.605985,-84.446000
72213216.957606,-83.676000
72709476.309227,-85.081000
73205735.660848,-83.674000
73701995.012469,-82.645000
74198254.364090,-84.436000
74694513.715711,-84.440000
75190773.067332,-84.417000
75687032.418953,-83.677000
76183291.770574,-84.004000
76679551.122195,-84.642000
77175810.473815,-84.187000
77672069.825436,-84.397000
78168329.177057,-84.623000
78664588.528678,-83.806000
79160847.880299,-84.172000
79657107.231920,-84.395000
80153366.583541,-77.413000
80649625.935162,-84.407000
81145885.286783,-84.176000
81642144.638404,-84.377000
82138403.990025,-82.593000
82634663.341646,-84.825000
83130922.693267,-83.785000
83627182.044888,-84.807000
84123441.396509,-83.782000
84619700.748130,-83.771000
85115960.099751,-83.609000
85612219.451371,-83.610000
86108478.802992,-83.930000
86604738.154613,-84.157000
87100997.506234,-84.150000
87597256.857855,-84.145000
88093516.209476,-84.365000
88589775.561097,-84.555000
89086034.912718,-85.220000
89582294.264339,-84.138000
90078553.615960,-84.112000
90574812.967581,-84.120000
91071072.319202,-83.095000
91567331.670823,-84.536000
92063591.022444,-84.557000
92559850.374065,-84.341000
93056109.725686,-84.537000
93552369.077307,-84.308000
94048628.428927,-84.116000
94544887.780548,-83.882000
95041147.132169,-77.347000
95537406.483790,-84.951000
96033665.835411,-83.706000
96529925.187032,-83.727000
97026184.538653,-82.796000
97522443.890274,-84.302000
98018703.241895,-84.946000
98514962.593516,-83.869000
99011221.945137,-84.282000
99507481.296758,-83.533000
100003740.648379,-83.845000
100500000.000000,-84.929000
100996259.351621,-84.511000
101492518.703242,-83.694000
101988778.054863,-84.261000
102485037.406484,-83.838000
102981296.758104,-84.280000
103477556.109725,-84.059000
103973815.461346,-84.063000
104470074.812967,-84.690000
104966334.164588,-83.176000
105462593.516209,-84.680000
105958852.867830,-84.675000
106455112.219451,-84.903000
106951371.571072,-83.833000
107447630.922693,-84.892000
107943890.274314,-83.814000
108440149.625935,-84.232000
108936408.977556,-84.016000
109432668.329177,-84.220000
109928927.680798,-20.092000
110425187.032419,-84.216000
110921446.384040,-82.839000
111417705.735660,-83.481000
111913965.087281,-83.781000
112410224.438902,-84.432000
112906483.790523,-84.210000
113402743.142144,-83.984000
113899002.493765,-82.525000
114395261.845386,-84.429000
114891521.197007,-84.199000
115387780.548628,-83.996000
115884039.900249,-84.617000
116380299.251870,-84.424000
116876558.603491,-84.643000
117372817.955112,-85.051000
117869077.306733,-83.432000
118365336.658354,-82.939000
118861596.009975,-84.823000
119357855.361596,-85.270000
119854114.713217,-84.403000
120350374.064837,-84.630000
120846633.416458,-85.254000
121342892.768079,-82.771000
121839152.119700,-84.625000
122335411.471321,-83.109000
122831670.822942,-84.397000
123327930.174563,-84.169000
123824189.526184,-84.595000
124320448.877805,-83.758000
124816708.229426,-83.419000
125312967.581047,-84.182000
125809226.932668,-83.412000
126305486.284289,-84.162000
126801745.635910,-84.175000
127298004.987531,-84.795000
127794264.339152,-83.415000
128290523.690773,-83.936000
128786783.042393,-84.145000
129283042.394014,-85.026000
129779301.745635,-83.393000
130275561.097256,-83.391000
130771820.448877,-84.147000
131268079.800498,-83.936000
131764339.152119,-83.565000
132260598.503740,-83.949000
132756857.855361,-84.363000
133253117.206982,-84.561000
133749376.558603,-84.992000
134245635.910224,-84.369000
134741895.261845,-84.146000
135238154.613466,-84.776000
135734413.965087,-82.899000
136230673.316708,-83.922000
136726932.668329,-84.146000
137223192.019950,-84.131000
137719451.371570,-83.551000
138215710.723191,-84.351000
138711970.074812,-83.532000
139208229.426433,-85.204000
139704488.778054,-22.240000
140200748.129675,-82.630000
140697007.481296,-83.695000
141193266.832917,-83.700000
141689526.184538,-84.325000
142185785.536159,-83.893000
142682044.887780,-83.886000
143178304.239401,-84.127000
143674563.591022,-83.907000
144170822.942643,-82.697000
144667082.294264,-83.896000
145163341.645885,-84.114000
145659600.997506,-83.883000
146155860.349126,-83.662000
146652119.700747,-83.518000
147148379.052368,-83.684000
147644638.403989,-82.865000
148140897.755610,-84.542000
148637157.107231,-84.314000
149133416.458852,-83.882000
149629675.810473,-83.190000
150125935.162094,-84.320000
150622194.513715,-83.864000
151118453.865336,-83.336000
151614713.216957,-84.286000
152110972.568578,-84.932000
152607231.920199,-84.090000
153103491.271820,-83.852000
153599750.623441,-84.719000
154096009.975062,-84.291000
154592269.326682,-79.199000
155088528.678303,-83.011000
155584788.029924,-84.069000
156081047.381545,-84.281000
156577306.733166,-82.825000
157073566.084787,-83.650000
157569825.436408,-83.476000
158066084.788029,-83.849000
158562344.139650,-84.268000
159058603.491271,-84.483000
159554862.842892,-84.481000
160051122.194513,-84.070000
160547381.546134,-84.284000
161043640.897755,-84.919000
161539900.249376,-84.285000
162036159.600997,-83.825000
162532418.952618,-83.831000
163028678.304239,-83.633000
163524937.655859,-83.823000
164021197.007480,-83.459000
164517456.359101,-84.461000
165013715.710722,-84.459000
165509975.062343,-83.819000
166006234.413964,-82.970000
166502493.765585,-82.800000
166998753.117206,-84.036000
167495012.468827,-82.634000
167991271.820448,-83.819000
168487531.172069,-83.128000
168983790.523690,-83.116000
169480049.875311,-83.106000
169976309.226932,-84.232000
170472568.578553,-83.811000
170968827.930174,-82.239000
171465087.281795,-83.267000
171961346.633415,-82.945000
172457605.985036,-84.228000
172953865.336657,-82.627000
173450124.688278,-83.427000
173946384.039899,-83.802000
174442643.391520,-84.435000
174938902.743141,-84.235000
175435162.094762,-82.619000
175931421.446383,-83.999000
176427680.798004,-83.419000
176923940.149625,-84.423000
177420199.501246,-83.570000
177916458.852867,-84.225000
178412718.204488,-83.396000
178908977.556109,-84.214000
179405236.907730,-82.906000
179901496.259351,-84.434000
180397755.610971,-83.987000
180894014.962592,-83.979000
181390274.314213,-83.559000
181886533.665834,-82.748000
182382793.017455,-83.981000
182879052.369076,-83.996000
183375311.720697,-84.213000
183871571.072318,-84.196000
184367830.423939,-83.758000
184864089.775560,-83.750000
185360349.127181,-82.743000
185856608.478802,-84.181000
186352867.830423,-83.743000
186849127.182044,-84.185000
187345386.533665,-84.611000
187841645.885286,-83.981000
188337905.236907,-83.768000
188834164.588528,-84.398000
189330423.940148,-83.200000
189826683.291769,-84.187000
190322942.643390,-83.747000
190819201.995011,-84.179000
191315461.346632,-83.514000
191811720.698253,-84.600000
192307980.049874,-84.376000
192804239.401495,-84.381000
193300498.753116,-85.027000
193796758.104737,-84.181000
194293017.456358,-83.730000
194789276.807979,-84.384000
195285536.159600,-83.031000
195781795.511221,-84.157000
196278054.862842,-83.953000
196774314.214463,-84.162000
197270573.566084,-84.161000
197766832.917704,-84.358000
198263092.269325,-83.931000
198759351.620946,-83.716000
199255610.972567,-83.714000
199751870.324188,-83.711000